(
G2SYC0:0.12551,
B0MC58:0.13233,
Q0AVM5:0.32676);
